1 2 33 32 34 35
2 2 55 54 56 57
3 2 128 127 129 130
4 2 150 149 151 152
5 2 224 223 225 226
6 2 245 244 246 247
7 2 683 682 684 685
8 2 705 704 706 707
9 2 778 777 779 780
10 2 800 799 801 802
11 2 874 873 875 876
12 2 895 894 896 897
13 2 1333 1332 1334 1335
14 2 1355 1354 1356 1357
15 2 1428 1427 1429 1430
16 2 1450 1449 1451 1452
17 2 1524 1523 1525 1526
18 2 1545 1544 1546 1547
19 2 1983 1982 1984 1985
20 2 2005 2004 2006 2007
21 2 2078 2077 2079 2080
22 2 2100 2099 2101 2102
23 2 2174 2173 2175 2176
24 2 2195 2194 2196 2197
25 2 2633 2632 2634 2635
26 2 2655 2654 2656 2657
27 2 2728 2727 2729 2730
28 2 2750 2749 2751 2752
29 2 2824 2823 2825 2826
30 2 2845 2844 2846 2847
31 2 3283 3282 3284 3285
32 2 3305 3304 3306 3307
33 2 3378 3377 3379 3380
34 2 3400 3399 3401 3402
35 2 3474 3473 3475 3476
36 2 3495 3494 3496 3497
37 2 3933 3932 3934 3935
38 2 3955 3954 3956 3957
39 2 4028 4027 4029 4030
40 2 4050 4049 4051 4052
41 2 4124 4123 4125 4126
42 2 4145 4144 4146 4147
43 2 4583 4582 4584 4585
44 2 4605 4604 4606 4607
45 2 4678 4677 4679 4680
46 2 4700 4699 4701 4702
47 2 4774 4773 4775 4776
48 2 4795 4794 4796 4797
49 2 5233 5232 5234 5235
50 2 5255 5254 5256 5257
51 2 5328 5327 5329 5330
52 2 5350 5349 5351 5352
53 2 5424 5423 5425 5426
54 2 5445 5444 5446 5447
55 2 5883 5882 5884 5885
56 2 5905 5904 5906 5907
57 2 5978 5977 5979 5980
58 2 6000 5999 6001 6002
59 2 6074 6073 6075 6076
60 2 6095 6094 6096 6097
61 2 6533 6532 6534 6535
62 2 6555 6554 6556 6557
63 2 6628 6627 6629 6630
64 2 6650 6649 6651 6652
65 2 6724 6723 6725 6726
66 2 6745 6744 6746 6747
67 2 7183 7182 7184 7185
68 2 7205 7204 7206 7207
69 2 7278 7277 7279 7280
70 2 7300 7299 7301 7302
71 2 7374 7373 7375 7376
72 2 7395 7394 7396 7397
73 2 7833 7832 7834 7835
74 2 7855 7854 7856 7857
75 2 7928 7927 7929 7930
76 2 7950 7949 7951 7952
77 2 8024 8023 8025 8026
78 2 8045 8044 8046 8047
79 2 8483 8482 8484 8485
80 2 8505 8504 8506 8507
81 2 8578 8577 8579 8580
82 2 8600 8599 8601 8602
83 2 8674 8673 8675 8676
84 2 8695 8694 8696 8697
85 2 9133 9132 9134 9135
86 2 9155 9154 9156 9157
87 2 9228 9227 9229 9230
88 2 9250 9249 9251 9252
89 2 9324 9323 9325 9326
90 2 9345 9344 9346 9347
91 2 9783 9782 9784 9785
92 2 9805 9804 9806 9807
93 2 9878 9877 9879 9880
94 2 9900 9899 9901 9902
95 2 9974 9973 9975 9976
96 2 9995 9994 9996 9997
97 2 10433 10432 10434 10435
98 2 10455 10454 10456 10457
99 2 10528 10527 10529 10530
100 2 10550 10549 10551 10552
101 2 10624 10623 10625 10626
102 2 10645 10644 10646 10647
103 2 11083 11082 11084 11085
104 2 11105 11104 11106 11107
105 2 11178 11177 11179 11180
106 2 11200 11199 11201 11202
107 2 11274 11273 11275 11276
108 2 11295 11294 11296 11297
109 2 11733 11732 11734 11735
110 2 11755 11754 11756 11757
111 2 11828 11827 11829 11830
112 2 11850 11849 11851 11852
113 2 11924 11923 11925 11926
114 2 11945 11944 11946 11947
115 2 12383 12382 12384 12385
116 2 12405 12404 12406 12407
117 2 12478 12477 12479 12480
118 2 12500 12499 12501 12502
119 2 12574 12573 12575 12576
120 2 12595 12594 12596 12597
121 2 34 33 323 324
122 2 56 55 350 351
123 2 129 128 446 447
124 2 151 150 470 471
125 2 225 224 569 570
126 2 246 245 593 594
127 2 684 683 973 974
128 2 706 705 1000 1001
129 2 779 778 1096 1097
130 2 801 800 1120 1121
131 2 875 874 1219 1220
132 2 896 895 1243 1244
133 2 1334 1333 1623 1624
134 2 1356 1355 1650 1651
135 2 1429 1428 1746 1747
136 2 1451 1450 1770 1771
137 2 1525 1524 1869 1870
138 2 1546 1545 1893 1894
139 2 1984 1983 2273 2274
140 2 2006 2005 2300 2301
141 2 2079 2078 2396 2397
142 2 2101 2100 2420 2421
143 2 2175 2174 2519 2520
144 2 2196 2195 2543 2544
145 2 2634 2633 2923 2924
146 2 2656 2655 2950 2951
147 2 2729 2728 3046 3047
148 2 2751 2750 3070 3071
149 2 2825 2824 3169 3170
150 2 2846 2845 3193 3194
151 2 3284 3283 3573 3574
152 2 3306 3305 3600 3601
153 2 3379 3378 3696 3697
154 2 3401 3400 3720 3721
155 2 3475 3474 3819 3820
156 2 3496 3495 3843 3844
157 2 3934 3933 4223 4224
158 2 3956 3955 4250 4251
159 2 4029 4028 4346 4347
160 2 4051 4050 4370 4371
161 2 4125 4124 4469 4470
162 2 4146 4145 4493 4494
163 2 4584 4583 4873 4874
164 2 4606 4605 4900 4901
165 2 4679 4678 4996 4997
166 2 4701 4700 5020 5021
167 2 4775 4774 5119 5120
168 2 4796 4795 5143 5144
169 2 5234 5233 5523 5524
170 2 5256 5255 5550 5551
171 2 5329 5328 5646 5647
172 2 5351 5350 5670 5671
173 2 5425 5424 5769 5770
174 2 5446 5445 5793 5794
175 2 5884 5883 6173 6174
176 2 5906 5905 6200 6201
177 2 5979 5978 6296 6297
178 2 6001 6000 6320 6321
179 2 6075 6074 6419 6420
180 2 6096 6095 6443 6444
181 2 6534 6533 6823 6824
182 2 6556 6555 6850 6851
183 2 6629 6628 6946 6947
184 2 6651 6650 6970 6971
185 2 6725 6724 7069 7070
186 2 6746 6745 7093 7094
187 2 7184 7183 7473 7474
188 2 7206 7205 7500 7501
189 2 7279 7278 7596 7597
190 2 7301 7300 7620 7621
191 2 7375 7374 7719 7720
192 2 7396 7395 7743 7744
193 2 7834 7833 8123 8124
194 2 7856 7855 8150 8151
195 2 7929 7928 8246 8247
196 2 7951 7950 8270 8271
197 2 8025 8024 8369 8370
198 2 8046 8045 8393 8394
199 2 8484 8483 8773 8774
200 2 8506 8505 8800 8801
201 2 8579 8578 8896 8897
202 2 8601 8600 8920 8921
203 2 8675 8674 9019 9020
204 2 8696 8695 9043 9044
205 2 9134 9133 9423 9424
206 2 9156 9155 9450 9451
207 2 9229 9228 9546 9547
208 2 9251 9250 9570 9571
209 2 9325 9324 9669 9670
210 2 9346 9345 9693 9694
211 2 9784 9783 10073 10074
212 2 9806 9805 10100 10101
213 2 9879 9878 10196 10197
214 2 9901 9900 10220 10221
215 2 9975 9974 10319 10320
216 2 9996 9995 10343 10344
217 2 10434 10433 10723 10724
218 2 10456 10455 10750 10751
219 2 10529 10528 10846 10847
220 2 10551 10550 10870 10871
221 2 10625 10624 10969 10970
222 2 10646 10645 10993 10994
223 2 11084 11083 11373 11374
224 2 11106 11105 11400 11401
225 2 11179 11178 11496 11497
226 2 11201 11200 11520 11521
227 2 11275 11274 11619 11620
228 2 11296 11295 11643 11644
229 2 11734 11733 12023 12024
230 2 11756 11755 12050 12051
231 2 11829 11828 12146 12147
232 2 11851 11850 12170 12171
233 2 11925 11924 12269 12270
234 2 11946 11945 12293 12294
235 2 12384 12383 12673 12674
236 2 12406 12405 12700 12701
237 2 12479 12478 12796 12797
238 2 12501 12500 12820 12821
239 2 12575 12574 12919 12920
240 2 12596 12595 12943 12944
241 4 3 1 2 4
242 4 97 95 96 98
243 4 192 190 191 193
244 4 653 651 652 654
245 4 747 745 746 748
246 4 842 840 841 843
247 4 1303 1301 1302 1304
248 4 1397 1395 1396 1398
249 4 1492 1490 1491 1493
250 4 1953 1951 1952 1954
251 4 2047 2045 2046 2048
252 4 2142 2140 2141 2143
253 4 2603 2601 2602 2604
254 4 2697 2695 2696 2698
255 4 2792 2790 2791 2793
256 4 3253 3251 3252 3254
257 4 3347 3345 3346 3348
258 4 3442 3440 3441 3443
259 4 3903 3901 3902 3904
260 4 3997 3995 3996 3998
261 4 4092 4090 4091 4093
262 4 4553 4551 4552 4554
263 4 4647 4645 4646 4648
264 4 4742 4740 4741 4743
265 4 5203 5201 5202 5204
266 4 5297 5295 5296 5298
267 4 5392 5390 5391 5393
268 4 5853 5851 5852 5854
269 4 5947 5945 5946 5948
270 4 6042 6040 6041 6043
271 4 6503 6501 6502 6504
272 4 6597 6595 6596 6598
273 4 6692 6690 6691 6693
274 4 7153 7151 7152 7154
275 4 7247 7245 7246 7248
276 4 7342 7340 7341 7343
277 4 7803 7801 7802 7804
278 4 7897 7895 7896 7898
279 4 7992 7990 7991 7993
280 4 8453 8451 8452 8454
281 4 8547 8545 8546 8548
282 4 8642 8640 8641 8643
283 4 9103 9101 9102 9104
284 4 9197 9195 9196 9198
285 4 9292 9290 9291 9293
286 4 9753 9751 9752 9754
287 4 9847 9845 9846 9848
288 4 9942 9940 9941 9943
289 4 10403 10401 10402 10404
290 4 10497 10495 10496 10498
291 4 10592 10590 10591 10593
292 4 11053 11051 11052 11054
293 4 11147 11145 11146 11148
294 4 11242 11240 11241 11243
295 4 11703 11701 11702 11704
296 4 11797 11795 11796 11798
297 4 11892 11890 11891 11893
298 4 12353 12351 12352 12354
299 4 12447 12445 12446 12448
300 4 12542 12540 12541 12543
301 4 11 12 15 16
302 4 105 106 109 110
303 4 200 201 204 205
304 4 661 662 665 666
305 4 755 756 759 760
306 4 850 851 854 855
307 4 1311 1312 1315 1316
308 4 1405 1406 1409 1410
309 4 1500 1501 1504 1505
310 4 1961 1962 1965 1966
311 4 2055 2056 2059 2060
312 4 2150 2151 2154 2155
313 4 2611 2612 2615 2616
314 4 2705 2706 2709 2710
315 4 2800 2801 2804 2805
316 4 3261 3262 3265 3266
317 4 3355 3356 3359 3360
318 4 3450 3451 3454 3455
319 4 3911 3912 3915 3916
320 4 4005 4006 4009 4010
321 4 4100 4101 4104 4105
322 4 4561 4562 4565 4566
323 4 4655 4656 4659 4660
324 4 4750 4751 4754 4755
325 4 5211 5212 5215 5216
326 4 5305 5306 5309 5310
327 4 5400 5401 5404 5405
328 4 5861 5862 5865 5866
329 4 5955 5956 5959 5960
330 4 6050 6051 6054 6055
331 4 6511 6512 6515 6516
332 4 6605 6606 6609 6610
333 4 6700 6701 6704 6705
334 4 7161 7162 7165 7166
335 4 7255 7256 7259 7260
336 4 7350 7351 7354 7355
337 4 7811 7812 7815 7816
338 4 7905 7906 7909 7910
339 4 8000 8001 8004 8005
340 4 8461 8462 8465 8466
341 4 8555 8556 8559 8560
342 4 8650 8651 8654 8655
343 4 9111 9112 9115 9116
344 4 9205 9206 9209 9210
345 4 9300 9301 9304 9305
346 4 9761 9762 9765 9766
347 4 9855 9856 9859 9860
348 4 9950 9951 9954 9955
349 4 10411 10412 10415 10416
350 4 10505 10506 10509 10510
351 4 10600 10601 10604 10605
352 4 11061 11062 11065 11066
353 4 11155 11156 11159 11160
354 4 11250 11251 11254 11255
355 4 11711 11712 11715 11716
356 4 11805 11806 11809 11810
357 4 11900 11901 11904 11905
358 4 12361 12362 12365 12366
359 4 12455 12456 12459 12460
360 4 12550 12551 12554 12555
361 4 28 27 29 30
362 4 49 48 50 51
363 4 72 71 73 74
364 4 122 121 123 124
365 4 144 143 145 146
366 4 167 166 168 169
367 4 217 216 218 219
368 4 240 239 241 242
369 4 262 261 263 264
370 4 678 677 679 680
371 4 699 698 700 701
372 4 722 721 723 724
373 4 772 771 773 774
374 4 794 793 795 796
375 4 817 816 818 819
376 4 867 866 868 869
377 4 890 889 891 892
378 4 912 911 913 914
379 4 1328 1327 1329 1330
380 4 1349 1348 1350 1351
381 4 1372 1371 1373 1374
382 4 1422 1421 1423 1424
383 4 1444 1443 1445 1446
384 4 1467 1466 1468 1469
385 4 1517 1516 1518 1519
386 4 1540 1539 1541 1542
387 4 1562 1561 1563 1564
388 4 1978 1977 1979 1980
389 4 1999 1998 2000 2001
390 4 2022 2021 2023 2024
391 4 2072 2071 2073 2074
392 4 2094 2093 2095 2096
393 4 2117 2116 2118 2119
394 4 2167 2166 2168 2169
395 4 2190 2189 2191 2192
396 4 2212 2211 2213 2214
397 4 2628 2627 2629 2630
398 4 2649 2648 2650 2651
399 4 2672 2671 2673 2674
400 4 2722 2721 2723 2724
401 4 2744 2743 2745 2746
402 4 2767 2766 2768 2769
403 4 2817 2816 2818 2819
404 4 2840 2839 2841 2842
405 4 2862 2861 2863 2864
406 4 3278 3277 3279 3280
407 4 3299 3298 3300 3301
408 4 3322 3321 3323 3324
409 4 3372 3371 3373 3374
410 4 3394 3393 3395 3396
411 4 3417 3416 3418 3419
412 4 3467 3466 3468 3469
413 4 3490 3489 3491 3492
414 4 3512 3511 3513 3514
415 4 3928 3927 3929 3930
416 4 3949 3948 3950 3951
417 4 3972 3971 3973 3974
418 4 4022 4021 4023 4024
419 4 4044 4043 4045 4046
420 4 4067 4066 4068 4069
421 4 4117 4116 4118 4119
422 4 4140 4139 4141 4142
423 4 4162 4161 4163 4164
424 4 4578 4577 4579 4580
425 4 4599 4598 4600 4601
426 4 4622 4621 4623 4624
427 4 4672 4671 4673 4674
428 4 4694 4693 4695 4696
429 4 4717 4716 4718 4719
430 4 4767 4766 4768 4769
431 4 4790 4789 4791 4792
432 4 4812 4811 4813 4814
433 4 5228 5227 5229 5230
434 4 5249 5248 5250 5251
435 4 5272 5271 5273 5274
436 4 5322 5321 5323 5324
437 4 5344 5343 5345 5346
438 4 5367 5366 5368 5369
439 4 5417 5416 5418 5419
440 4 5440 5439 5441 5442
441 4 5462 5461 5463 5464
442 4 5878 5877 5879 5880
443 4 5899 5898 5900 5901
444 4 5922 5921 5923 5924
445 4 5972 5971 5973 5974
446 4 5994 5993 5995 5996
447 4 6017 6016 6018 6019
448 4 6067 6066 6068 6069
449 4 6090 6089 6091 6092
450 4 6112 6111 6113 6114
451 4 6528 6527 6529 6530
452 4 6549 6548 6550 6551
453 4 6572 6571 6573 6574
454 4 6622 6621 6623 6624
455 4 6644 6643 6645 6646
456 4 6667 6666 6668 6669
457 4 6717 6716 6718 6719
458 4 6740 6739 6741 6742
459 4 6762 6761 6763 6764
460 4 7178 7177 7179 7180
461 4 7199 7198 7200 7201
462 4 7222 7221 7223 7224
463 4 7272 7271 7273 7274
464 4 7294 7293 7295 7296
465 4 7317 7316 7318 7319
466 4 7367 7366 7368 7369
467 4 7390 7389 7391 7392
468 4 7412 7411 7413 7414
469 4 7828 7827 7829 7830
470 4 7849 7848 7850 7851
471 4 7872 7871 7873 7874
472 4 7922 7921 7923 7924
473 4 7944 7943 7945 7946
474 4 7967 7966 7968 7969
475 4 8017 8016 8018 8019
476 4 8040 8039 8041 8042
477 4 8062 8061 8063 8064
478 4 8478 8477 8479 8480
479 4 8499 8498 8500 8501
480 4 8522 8521 8523 8524
481 4 8572 8571 8573 8574
482 4 8594 8593 8595 8596
483 4 8617 8616 8618 8619
484 4 8667 8666 8668 8669
485 4 8690 8689 8691 8692
486 4 8712 8711 8713 8714
487 4 9128 9127 9129 9130
488 4 9149 9148 9150 9151
489 4 9172 9171 9173 9174
490 4 9222 9221 9223 9224
491 4 9244 9243 9245 9246
492 4 9267 9266 9268 9269
493 4 9317 9316 9318 9319
494 4 9340 9339 9341 9342
495 4 9362 9361 9363 9364
496 4 9778 9777 9779 9780
497 4 9799 9798 9800 9801
498 4 9822 9821 9823 9824
499 4 9872 9871 9873 9874
500 4 9894 9893 9895 9896
501 4 9917 9916 9918 9919
502 4 9967 9966 9968 9969
503 4 9990 9989 9991 9992
504 4 10012 10011 10013 10014
505 4 10428 10427 10429 10430
506 4 10449 10448 10450 10451
507 4 10472 10471 10473 10474
508 4 10522 10521 10523 10524
509 4 10544 10543 10545 10546
510 4 10567 10566 10568 10569
511 4 10617 10616 10618 10619
512 4 10640 10639 10641 10642
513 4 10662 10661 10663 10664
514 4 11078 11077 11079 11080
515 4 11099 11098 11100 11101
516 4 11122 11121 11123 11124
517 4 11172 11171 11173 11174
518 4 11194 11193 11195 11196
519 4 11217 11216 11218 11219
520 4 11267 11266 11268 11269
521 4 11290 11289 11291 11292
522 4 11312 11311 11313 11314
523 4 11728 11727 11729 11730
524 4 11749 11748 11750 11751
525 4 11772 11771 11773 11774
526 4 11822 11821 11823 11824
527 4 11844 11843 11845 11846
528 4 11867 11866 11868 11869
529 4 11917 11916 11918 11919
530 4 11940 11939 11941 11942
531 4 11962 11961 11963 11964
532 4 12378 12377 12379 12380
533 4 12399 12398 12400 12401
534 4 12422 12421 12423 12424
535 4 12472 12471 12473 12474
536 4 12494 12493 12495 12496
537 4 12517 12516 12518 12519
538 4 12567 12566 12568 12569
539 4 12590 12589 12591 12592
540 4 12612 12611 12613 12614
541 4 32 33 36 37
542 4 54 55 58 59
543 4 127 128 131 132
544 4 149 150 153 154
545 4 223 224 227 228
546 4 244 245 248 249
547 4 682 683 686 687
548 4 704 705 708 709
549 4 777 778 781 782
550 4 799 800 803 804
551 4 873 874 877 878
552 4 894 895 898 899
553 4 1332 1333 1336 1337
554 4 1354 1355 1358 1359
555 4 1427 1428 1431 1432
556 4 1449 1450 1453 1454
557 4 1523 1524 1527 1528
558 4 1544 1545 1548 1549
559 4 1982 1983 1986 1987
560 4 2004 2005 2008 2009
561 4 2077 2078 2081 2082
562 4 2099 2100 2103 2104
563 4 2173 2174 2177 2178
564 4 2194 2195 2198 2199
565 4 2632 2633 2636 2637
566 4 2654 2655 2658 2659
567 4 2727 2728 2731 2732
568 4 2749 2750 2753 2754
569 4 2823 2824 2827 2828
570 4 2844 2845 2848 2849
571 4 3282 3283 3286 3287
572 4 3304 3305 3308 3309
573 4 3377 3378 3381 3382
574 4 3399 3400 3403 3404
575 4 3473 3474 3477 3478
576 4 3494 3495 3498 3499
577 4 3932 3933 3936 3937
578 4 3954 3955 3958 3959
579 4 4027 4028 4031 4032
580 4 4049 4050 4053 4054
581 4 4123 4124 4127 4128
582 4 4144 4145 4148 4149
583 4 4582 4583 4586 4587
584 4 4604 4605 4608 4609
585 4 4677 4678 4681 4682
586 4 4699 4700 4703 4704
587 4 4773 4774 4777 4778
588 4 4794 4795 4798 4799
589 4 5232 5233 5236 5237
590 4 5254 5255 5258 5259
591 4 5327 5328 5331 5332
592 4 5349 5350 5353 5354
593 4 5423 5424 5427 5428
594 4 5444 5445 5448 5449
595 4 5882 5883 5886 5887
596 4 5904 5905 5908 5909
597 4 5977 5978 5981 5982
598 4 5999 6000 6003 6004
599 4 6073 6074 6077 6078
600 4 6094 6095 6098 6099
601 4 6532 6533 6536 6537
602 4 6554 6555 6558 6559
603 4 6627 6628 6631 6632
604 4 6649 6650 6653 6654
605 4 6723 6724 6727 6728
606 4 6744 6745 6748 6749
607 4 7182 7183 7186 7187
608 4 7204 7205 7208 7209
609 4 7277 7278 7281 7282
610 4 7299 7300 7303 7304
611 4 7373 7374 7377 7378
612 4 7394 7395 7398 7399
613 4 7832 7833 7836 7837
614 4 7854 7855 7858 7859
615 4 7927 7928 7931 7932
616 4 7949 7950 7953 7954
617 4 8023 8024 8027 8028
618 4 8044 8045 8048 8049
619 4 8482 8483 8486 8487
620 4 8504 8505 8508 8509
621 4 8577 8578 8581 8582
622 4 8599 8600 8603 8604
623 4 8673 8674 8677 8678
624 4 8694 8695 8698 8699
625 4 9132 9133 9136 9137
626 4 9154 9155 9158 9159
627 4 9227 9228 9231 9232
628 4 9249 9250 9253 9254
629 4 9323 9324 9327 9328
630 4 9344 9345 9348 9349
631 4 9782 9783 9786 9787
632 4 9804 9805 9808 9809
633 4 9877 9878 9881 9882
634 4 9899 9900 9903 9904
635 4 9973 9974 9977 9978
636 4 9994 9995 9998 9999
637 4 10432 10433 10436 10437
638 4 10454 10455 10458 10459
639 4 10527 10528 10531 10532
640 4 10549 10550 10553 10554
641 4 10623 10624 10627 10628
642 4 10644 10645 10648 10649
643 4 11082 11083 11086 11087
644 4 11104 11105 11108 11109
645 4 11177 11178 11181 11182
646 4 11199 11200 11203 11204
647 4 11273 11274 11277 11278
648 4 11294 11295 11298 11299
649 4 11732 11733 11736 11737
650 4 11754 11755 11758 11759
651 4 11827 11828 11831 11832
652 4 11849 11850 11853 11854
653 4 11923 11924 11927 11928
654 4 11944 11945 11948 11949
655 4 12382 12383 12386 12387
656 4 12404 12405 12408 12409
657 4 12477 12478 12481 12482
658 4 12499 12500 12503 12504
659 4 12573 12574 12577 12578
660 4 12594 12595 12598 12599
661 4 89 88 90 91
662 4 184 183 185 186
663 4 279 278 280 281
664 4 739 738 740 741
665 4 834 833 835 836
666 4 929 928 930 931
667 4 1389 1388 1390 1391
668 4 1484 1483 1485 1486
669 4 1579 1578 1580 1581
670 4 2039 2038 2040 2041
671 4 2134 2133 2135 2136
672 4 2229 2228 2230 2231
673 4 2689 2688 2690 2691
674 4 2784 2783 2785 2786
675 4 2879 2878 2880 2881
676 4 3339 3338 3340 3341
677 4 3434 3433 3435 3436
678 4 3529 3528 3530 3531
679 4 3989 3988 3990 3991
680 4 4084 4083 4085 4086
681 4 4179 4178 4180 4181
682 4 4639 4638 4640 4641
683 4 4734 4733 4735 4736
684 4 4829 4828 4830 4831
685 4 5289 5288 5290 5291
686 4 5384 5383 5385 5386
687 4 5479 5478 5480 5481
688 4 5939 5938 5940 5941
689 4 6034 6033 6035 6036
690 4 6129 6128 6130 6131
691 4 6589 6588 6590 6591
692 4 6684 6683 6685 6686
693 4 6779 6778 6780 6781
694 4 7239 7238 7240 7241
695 4 7334 7333 7335 7336
696 4 7429 7428 7430 7431
697 4 7889 7888 7890 7891
698 4 7984 7983 7985 7986
699 4 8079 8078 8080 8081
700 4 8539 8538 8540 8541
701 4 8634 8633 8635 8636
702 4 8729 8728 8730 8731
703 4 9189 9188 9190 9191
704 4 9284 9283 9285 9286
705 4 9379 9378 9380 9381
706 4 9839 9838 9840 9841
707 4 9934 9933 9935 9936
708 4 10029 10028 10030 10031
709 4 10489 10488 10490 10491
710 4 10584 10583 10585 10586
711 4 10679 10678 10680 10681
712 4 11139 11138 11140 11141
713 4 11234 11233 11235 11236
714 4 11329 11328 11330 11331
715 4 11789 11788 11790 11791
716 4 11884 11883 11885 11886
717 4 11979 11978 11980 11981
718 4 12439 12438 12440 12441
719 4 12534 12533 12535 12536
720 4 12629 12628 12630 12631
